-1.950 5.400 0 293.0 351.0 0
-1.550 5.400 0 334.0 352.0 0
-1.950 5.000 0 239.0 393.0 0
-1.550 5.000 0 277.0 400.0 0
-0.600 5.300 0 483.0 373.0 0
-0.450 5.300 0 519.0 375.0 0
-0.300 5.300 0 558.0 337.0 0
-0.600 5.150 0 465.0 398.0 0
-0.450 5.150 0 504.0 401.0 0
-0.300 5.150 0 547.0 404.0 0
-0.600 5.000 0 444.0 428.0 0
-0.450 5.000 0 485.0 433.0 0
-0.300 5.000 0 534.0 438.0 0
-0.600 4.850 0 419.0 465.0 0
-0.450 4.850 0 465.0 473.0 0
-0.300 4.850 0 517.0 480.0 0
0.600 5.300 0 801.0 384.0 0
0.450 5.300 0 764.0 384.0 0
0.300 5.300 0 726.0 383.0 0
0.600 5.150 0 817.0 410.0 0
0.450 5.150 0 779.0 411.0 0
0.300 5.150 0 734.0 411.0 0
0.600 5.000 0 837.0 442.0 0
0.450 5.000 0 793.0 444.0 0
0.300 5.000 0 746.0 445.0 0
0.600 4.850 0 858.0 481.0 0
0.450 4.850 0 812.0 485.0 0
0.300 4.850 0 759.0 488.0 0
1.950 5.400 0 990.0 372.0 0
1.550 5.400 0 948.0 372.0 0
1.950 5.000 0 1042.0 379.0 0
1.550 5.000 0 1005.0 425.0 0





