-1.950 -1.100 0 203.0 388.0 0
-1.550 -1.100 0 168.0 415.0 0
-1.950 -1.500 0 190.0 384.0 0
-1.550 -1.500 0 158.0 409.0 0
-1.850 1.250 0 356.0 431.0 0
-1.700 1.250 0 338.0 452.0 0
-1.550 1.250 0 319.0 475.0 0
-1.400 1.250 0 298.0 500.0 0
-1.850 1.100 0 338.0 427.0 0
-1.700 1.100 0 320.0 447.0 0
-1.550 1.100 0 300.0 469.0 0
-1.400 1.100 0 280.0 493.0 0
-1.850 0.950 0 321.0 424.0 0
-1.700 0.950 0 303.0 443.0 0
-1.550 0.950 0 285.0 463.0 0
-1.400 0.950 0 264.0 486.0 0
-1.850 2.950 0 707.0 454.0 0
-1.700 2.950 0 713.0 484.0 0
-1.550 2.950 0 720.0 519.0 0
-1.400 2.950 0 729.0 560.0 0
-1.850 2.800 0 670.0 455.0 0
-1.700 2.800 0 673.0 484.0 0
-1.550 2.800 0 676.0 522.0 0
-1.400 2.800 0 680.0 562.0 0
-1.850 2.650 0 633.0 454.0 0
-1.700 2.650 0 633.0 484.0 0
-1.550 2.650 0 632.0 521.0 0
-1.400 2.650 0 631.0 564.0 0
-1.950 5.400 0 1021.0 407.0 0
-1.550 5.400 0 1060.0 443.0 0
-1.950 5.000 0 995.0 413.0 0
-1.550 5.000 0 1037.0 453.0 0


