-1.950 -1.100 0 1011.0 421.0 0
-1.550 -1.100 0 970.0 432.0 0
-1.950 -1.500 0 967.0 376.0 0
-1.550 -1.500 0 925.0 382.0 0
-0.600 -0.950 0 826.0 497.0 0
-0.450 -0.950 0 789.0 503.0 0
-0.300 -0.950 0 750.0 509.0 0
-0.600 -1.100 0 811.0 465.0 0
-0.450 -1.100 0 777.0 470.0 0
-0.300 -1.100 0 741.0 475.0 0
-0.600 -1.250 0 798.0 438.0 0
-0.450 -1.250 0 767.0 442.0 0
-0.300 -1.250 0 732.0 445.0 0
-0.600 -1.400 0 786.0 414.0 0
-0.450 -1.400 0 756.0 417.0 0
-0.300 -1.400 0 726.0 420.0 0
0.600 -0.950 0 503.0 515.0 0
0.450 -0.950 0 539.0 517.0 0
0.300 -0.950 0 579.0 518.0 0
0.600 -1.100 0 513.0 483.0 0
0.450 -1.100 0 546.0 484.0 0
0.300 -1.100 0 585.0 484.0 0
0.600 -1.250 521.0 455.0 0
0.450 -1.250 0 555.0 455.0 0
0.300 -1.250 0 588.0 454.0 0
0.600 -1.400 0 531.0 430.0 0
0.450 -1.400 0 561.0 429.0 0
0.300 -1.400 0 593.0 428.0 0
1.950 -1.100 0 312.0 463.0 0
1.550 -1.100 0 354.0 417.0 0
1.950 -1.500 0 350.0 451.0 0
1.550 -1.500 0 392.0 416.0 0


