-1.950 5.400 0 243.0 399.0 0
-1.550 5.400 0 202.0 434.0 0
-1.950 5.000 0 270.0 405.0 0
-1.550 5.000 0 225.0 445.0 0
1.850 2.950 0 557.0 464.0 0
1.700 2.950 0 548.0 494.0 0
1.550 2.950 0 539.0 530.0 0
1.400 2.950 0 529.0 571.0 0
1.850 2.800 0 593.0 466.0 0
1.700 2.800 0 588.0 496.0 0
1.550 2.800 0 582.0 534.0 0
1.400 2.800 0 576.0 576.0 0
1.850 2.650 0 632.0 468.0 0
1.700 2.650 0 629.0 500.0 0
1.550 2.650 0 628.0 536.0 0
1.400 2.650 0 626.0 580.0 0
1.850 1.250 0 913.0 457.0 0
1.700 1.250 0 929.0 479.0 0
1.550 1.250 0 949.0 504.0 0
1.400 1.250 0 966.0 531.0 0
1.850 1.100 0 930.0 455.0 0
1.700 1.100 0 949.0 475.0 0
1.550 1.100 0 967.0 498.0 0
1.400 1.100 0 987.0 524.0 0
1.850 0.950 0 949.0 452.0 0
1.700 0.950 0 965.0 471.0 0
1.550 0.950 0 984.0 494.0 0
1.400 0.950 0 1002.0 517.0 0
-1.950 -1.100 0 1069.0 419.0 0
-1.550 -1.100 0 1101.0 448.0 0
-1.950 -1.500 0 1082.0 416.0 0
-1.550 -1.500 0 1111.0 442.0 0

